5.04659628868
5.60437273979
6.926820755
8.01623249054
9.34386706352
9.88461303711
9.8927564621
10.6561946869
11.7601466179
11.766638279
13.1354289055
13.9341599941
14.4767651558
15.8087522984
16.3616473675
17.1552143097
17.4071428776
17.4168002605
18.2583358288
18.8152656555
18.8189041615
20.1883561611
20.9862542152
21.5583562851
22.8502340317
22.8767814636
24.2228429317
24.2311477661
26.1554563046
27.279283762
27.7727725506
27.7844440937
29.4461224079
31.03211236
31.5783002377
32.3909699917
32.4051790237
33.4911050797
34.8332972527
34.8511490822
